"province" "X1" "X2" "X3" "X4" "X5" "X6" "X7" "X8" "popol" "uni" "aste" "stranieri" "redditobasso" "disoccup" "FasciaEta1" "FasciaEta2" "FasciaEta3" "FasciaEta4" "FasciaEta5" "perc_posti_osp" "km_popol" "km_sup" "perc_autostrade" "denunce_su_abitante"
"genova" 27.5769925017317 30.290627417471 17.5347231000258 7.32408395229018 5.30996718559604 3.45486629015214 2.68430925426865 2.38422683904762 841180 2.60097737298313 52.9758196818755 9.00033286573623 39.1189431419834 10 13.6390546613091 16.2877148767208 20.0596780712808 29.1042345276873 20.909317863002 0.0882890701157897 0.00157160179747498 0.72 11.1195158850227 4732.5
"imperia" 17.3677872553939 40.0632212744606 14.7947817360763 9.97691921726041 8.12242849974912 2.37330657300552 2.2629202207727 1.57049673858505 213840 1.85868377999559 53.3997381219603 12.0590160867939 49.9629315469233 13.6 13.518050879162 17.0739805462028 19.8746726524504 29.3032173587729 20.2300785634119 0.0663299663299663 0.00460624766180322 0.85 6.19289340101523 4799.9
"laspezia" 26.3499952212559 34.8485138105706 16.1034120233203 6.69979929274587 5.24610532352098 2.60537130842015 1.94972761158368 2.28615119946478 219556 2.37061311082593 52.344732095684 9.40625626263914 39.7591397849462 9 13.7240612873253 16.6554318715954 20.7628122210279 28.8350124797318 20.0226821403196 0.0720909471843174 0.00352074186084644 0.88 8.27943078913325 3796.8
"savona" 21.8763323245525 38.7861081795117 15.0855832873208 8.36193098820915 5.26359932064553 2.72021359128302 2.38962237117077 1.92903122095096 276064 2.16189750843216 48.1725252115451 8.7588385301959 42.4976632426851 5.6 13.4845543062478 15.6985336733511 20.1648893010316 29.2587950620146 21.3932276573548 0.0968724643560913 0.00361510374405935 0.65 10.5210420841683 4704.3
"bergamo" 19.8550940314107 51.0854969440657 6.89021478061645 7.50572771382888 5.61125608245139 2.69548635385158 2.22636755656766 1.08618911492113 1110699 2.13553138301466 47.970422229605 10.9218609182146 36.2876735936949 3.5 17.5384670596363 18.9030046923084 22.3771969962049 27.0147767340457 14.1665545178048 0.163047774419532 0.00125506550379536 0.51 2.29555236728838 3640.1
"brescia" 20.6011157970502 49.5833287893399 7.6817376646159 7.91527295898098 5.52523630063891 2.39829374346639 2.14762110261687 1.18341167177931 1262496 2.00413680494893 49.1584131751705 12.4516830152333 39.1145598259441 4.7 17.1977812779927 18.8150596309187 22.6325759071815 26.5547563339584 14.7998268499487 0.106118356018554 0.00146693534078524 0.39 7.01943844492441 3587.1
"como" 18.5245764554379 48.279898984831 8.71673941765759 9.07932366664994 5.95454317395013 2.98095094743532 2.4103155887813 1.04527285802686 595497 2.02230743255404 49.7957168549968 8.31339200701263 37.5977131114068 6.4 16.2957857424183 18.1305532005794 22.4754841422954 27.3320939112556 15.7660830034512 0.124489292137492 0.0011217520827141 0.52 3.44311377245509 2878.5
"cremona" 20.406390735578 46.4856315676603 8.91110872828651 9.47887625991851 5.71037958395882 2.13435556508685 1.98316534419901 1.44542140253056 358955 2.04468559226299 48.0380549093898 11.9689097519188 35.9533990305809 5 15.4445543313229 18.077474892396 21.8356061344737 27.873131729604 16.7692329122035 0.194517418617933 0.00249334874845036 0.51 2.01117318435754 2830.4
"lecco" 22.4919383216711 45.1240546636593 7.95553530120968 8.77006766618018 5.76402789715664 2.94258469809808 2.5987735865383 1.46350468125364 337380 2.27939429928741 48.6184717529196 8.3312585215484 33.0364091278043 5.3 16.3687829746873 18.0547157507855 21.5321003023297 27.8060347382773 16.2383662339202 0.148485387397 0.00160353310806805 0.66 0 3239.1
"lodi" 20.3072735036652 45.8196925485731 10.3675894954096 9.14614618176642 5.29499679738097 2.37616539748061 1.91267525443029 1.49277631485304 230198 1.9995627459554 51.1689936489457 12.2190462123911 33.6083936972594 7.2 16.7164788573315 18.5696661135197 23.063623489344 27.0084883448162 14.6417431949887 0.0901615131321732 0.00235015073979791 0.69 7.20887245841035 2688.1
"mantova" 23.5444084974506 43.6085895865398 10.8851336495273 7.44835673377936 5.20149511574583 2.32015160557423 2.34789710085749 1.20195579566751 400419 1.74237984347366 52.2944715410607 13.0281030620425 39.1247379454927 6.4 15.9273039496279 17.6610266510143 22.7346152726708 27.0342378702473 16.6428162564396 0.175586073587917 0.00294691310851883 0.5 3.22033898305085 2985.5
"milano" 29.0948058740807 34.0983457239579 10.7295402887358 9.35472607910219 5.46468637482111 3.92840532868162 2.93462525203317 1.81401780551389 3244510 2.27368693577767 55.3333477166044 14.4849299277857 33.5306058834653 5.9 16.2508864525438 18.6576685644314 22.9266701842744 26.0574436631526 16.1073311355976 0.0995204206490348 0.000329479644075685 0.68 15.4349859681946 7017.3
"monzaedellabrianza" 23.5214298637363 41.5237532970852 10.3316605882857 9.97362331812945 5.38389022729653 3.07950141405677 2.43722444937486 1.17052477217974 873935 2.22590924954373 51.9337250482015 9.01977835880243 32.7435052011464 7 16.7615440507589 17.902933284512 22.7380754861632 27.0399972538003 15.5574499247656 0.0712524386825107 5.26354934863577e-05 0.11 52.1739130434783 3038.7
"pavia" 19.300983800577 47.2501664324284 9.57837118130039 9.50366151342555 5.41534137140321 2.65108366003403 1.81966121754568 1.06183889340928 545888 2.01473120902351 50.4696934169647 11.808466205522 37.5161968154875 6.7 14.8631221056334 17.5662406940618 22.3168488774254 28.1332434492057 17.1205448736737 0.219385661527639 0.00395319186353245 0.73 4.40222428174235 3957.2
"sondrio" 15.3144610532821 53.3864626727325 6.16030428621656 9.77956296146347 5.38680360966982 4.10935552264567 2.04349076806699 0.924791442482873 181095 1.73726915227239 48.1714017504625 5.53576851928546 41.902718495355 5.4 15.771280267263 18.4532979927662 20.9972666280129 28.7042712388525 16.0738838731053 0.229244319279936 0.00334630994781744 0.19 0 2239.7
"varese" 19.6579909202379 45.9838880115603 10.2016705067769 8.86535922485473 5.57682848475292 3.02305713566219 2.57236391535911 0.912918538671361 888080 2.04418520853977 52.1550986397622 8.63548328979371 35.7912374170408 5.4 16.2814560020117 17.8881594309629 22.1159718355397 27.1951843802202 16.5192283512654 0.090953517701108 0.00100666606612017 0.75 5.14541387024609 3426
"alessandria" 20.7906254009437 41.8026905403415 12.7769778702819 10.151063718572 5.87623134275165 2.29042819602644 1.79812869165229 1.10767388484183 418076 2.04279029379131 49.6644150824252 11.160650216707 39.9046842583202 9.2 13.5704180552786 16.3502530359567 20.8657342790137 29.446644069084 19.7669505606669 0.154680010333049 0.0055253111874396 0.65 7.83549783549784 3475.8
"asti" 19.760101010101 43.1359044995409 12.0686026936027 9.73561371288644 5.86164677073768 2.68212427303336 2.28898836853382 1.13923324150597 214638 1.93910346245118 51.2928745142985 11.5482812922223 42.5002415225582 5.6 14.8585059495523 17.0897045257597 20.9119540808245 28.7027460188783 18.4370894249853 0.0940280844957556 0.00641079398801703 0.91 3.2703488372093 3538.5
"biella" 19.2258702906408 41.9855363853595 11.2287756455467 9.44029811467731 7.69287451182669 3.44642462393549 2.24428139835995 1.26530311483521 172359 2.06138168626438 44.8842242064528 5.66840141797063 36.9908481567414 8 13.3126406014181 15.8572771022582 20.4801093487485 29.8983398354074 20.4516331121679 0.0960843356018543 0.00414831833556704 0.78 0 2898.3
"cuneo" 20.1363763779425 43.9403125183345 9.59295692931505 9.80091134883539 6.04501985019459 3.38365960664672 2.19949282589847 1.23077725408901 587098 1.94881058067474 47.743306909579 10.4060991521007 41.3759723508237 4.8 16.1186037084098 18.6760983685858 20.9522090008823 27.3899757791714 16.8631131429506 0.132149998807695 0.00627322866029181 0.53 3.23106163453706 2553.6
"novara" 21.4200818770084 40.8752256019721 11.3015583043536 9.93143901043272 7.51969890390456 2.66100277325351 2.01776202843685 0.862239732359026 369018 2.04505779989279 50.7514538586194 10.6173682584589 34.7873449994206 8 15.6079107252221 17.6994076169726 22.1195172051228 28.1268122422212 16.4463522104613 0.115417134123539 0.00259336942913354 0.71 10.7628004179728 3431.5
"torino" 27.3495286893681 31.7397778298772 15.373209654933 8.37137881849306 5.58718307111627 3.66954744515097 2.53883145029807 1.86859856002835 2259523 2.41795687584746 50.5416851255774 9.81808992428933 36.0345003750583 8.3 15.2387472931234 17.4654562046945 21.68028384752 27.738066839771 17.877445814891 0.11288444507978 0.00142684982626864 0.47 9.33622828784119 5339.3
"verbanocusioossola" 21.4743196485976 44.0111899094501 10.3457583862973 8.98996343648009 5.81948909229221 2.36067826556404 2.28215258521263 1.15457289391671 158349 1.71361114989655 48.5301454382408 6.38021080019451 43.2202487623982 5.9 13.8163171223058 16.5476258138668 21.0882291646932 29.7804217266923 18.7674061724419 0.147882209549792 0.00467953697213118 0.33 2.42914979757085 2413.7
"vercelli" 19.0794940974238 44.373484512141 10.6257755313457 10.1601721252689 6.38411711804014 3.38900083102808 1.63131951322245 0.980157781496534 170911 2.01954358788985 48.6030741145977 8.24054624921743 37.544239165878 7.9 13.9183551673093 16.904704787872 20.4580161604578 29.5504677873279 19.168456097033 0.13917770067462 0.00633663134613922 0.52 9.32594644506002 2962.4
"aosta" 16.2567046597385 37.0390546429769 9.74061347636608 5.43706000670466 3.27480724103252 3.7441334227288 4.68069057995307 2.69653033858532 120294 2.2351724942891 60.3238731773821 6.5639183999202 37.831107824801 6.5 15.9008801107698 17.6595101300272 21.4958700046154 28.4993554342463 16.4443843203412 0.11658935607761 0.00633448052271934 0.23 14.3044619422572 2904.5
"bologna" 36.73030467721 27.0496036082384 12.9017346853912 5.49803786561555 4.54723918311771 3.7637392923938 3.6643270623686 2.67020476211659 1014619 2.28233455119606 49.0410686178753 11.9711931276666 32.8163905218166 4.4 15.4218480040291 17.5768441158701 22.5748778605565 26.8154844330729 17.6109455864714 0.144654298805759 0.00145374766291583 0.4 11.6610169491525 6233.7
"ferrara" 25.4494363911843 41.9262634186179 11.4817162936139 5.84885182837064 5.28739214063894 3.15277076326281 2.42367909220834 1.33514576460601 345691 2.07293515162325 46.1594313997182 9.39220286325071 40.0482830545792 8.7 13.2201879713386 15.4146332996809 21.5854621612943 29.9469757673761 19.8327408003101 0.13460865339277 0.00320228180658449 0.42 6.95573622402891 4317.7
"forlicesena" 30.4103101587671 34.3489189084275 13.8634952059314 6.19152983191646 4.27147626256745 2.9632972322503 2.54357361903653 1.49305151197547 394627 2.05434498906562 47.7765079429436 11.0354841407202 42.0963800431694 5.5 15.897036948815 17.268458569738 22.4505672445119 27.1268818403201 17.257055396615 0.13072851072025 0.00333226059038028 0.55 3.26996197718631 3952.6
"modena" 33.5568552737034 33.8308499102862 12.8159050004021 5.52426433272045 4.30959175353794 2.68670044454798 2.94627431078424 1.46259890013894 705393 2.16049776507564 48.8808366400007 13.2390029387873 35.1992592878361 6.5 16.6456145723022 18.1951054235015 22.5708222225058 26.6085713921176 15.9798863895729 0.117326086309334 0.00178623830970821 0.47 4.04761904761905 4398
"parma" 24.9220432103348 38.7881431435147 11.3301841265127 6.01984185908382 5.44305442126364 5.79618011730641 2.87512064741258 1.66771846462247 451631 2.33363640299606 52.2831692244332 14.1806031915435 34.8432684263397 4.9 15.8222088386315 18.56604174647 22.6778055536489 26.3022246037141 16.6317192575355 0.163423237111713 0.00343643372576285 0.45 6.05670103092783 4631.2
"piacenza" 19.44731722487 45.3074035770335 9.78730174801658 7.74348923490826 6.6680648870696 4.57001106522698 2.05104468760622 1.41750620158963 287152 2.07454562099051 51.8474536134173 14.7312224884382 37.3113880516634 5.7 15.2525491725637 17.8894801359559 21.4875745249902 27.412311249791 17.9580849166992 0.167266813394996 0.00455856131944057 0.51 7.02826585179526 3297.6
"ravenna" 34.0142050665417 32.4917969307274 12.8803472802495 5.44255813479528 4.08879695110767 3.27664214237675 2.61428251166772 1.7170399657611 389456 1.86003040138039 49.6045766402366 12.0450063678567 39.9895265052334 4.6 15.219947824658 16.5096955753667 22.1806827985703 27.7882482231626 18.3014255782425 0.155712070169673 0.00263957931062816 0.55 4.66926070038911 4417.2
"reggionellemilia" 34.7820581575498 29.8761321654153 14.329340960553 5.18002919795018 3.89814980336074 3.43932487188655 2.88069062090335 2.24198546061256 531891 1.98574519967437 49.5174763250365 12.345386554764 35.0755063877933 4 17.3452831501191 18.4300918797272 23.2053183829018 25.9669744364917 15.0523321507602 0.0888151895783159 0.00243094919823799 0.56 3.09358081979892 3751.7
"rimini" 25.5737866834574 36.450732743188 15.7116930256676 7.23977431262886 4.76807783004309 2.81121523019371 2.95134387693371 1.49635171673025 339017 2.12909677095839 52.2165555119655 11.1357247571656 48.1034619660156 8 15.9909385075085 17.8159207355383 23.0262789181663 27.1546854582514 16.0121763805355 0.147558971968957 0.00166953279629045 0.66 5.30035335689046 6430.1
"gorizia" 24.5967164036499 37.3584725384971 12.2266987276462 5.97958501202287 5.8203417360702 3.00810548274599 3.93012405051197 2.7166902877526 135581 2.12271630980742 53.6830381838163 10.5154852081044 38.7211483111433 7.6 14.4530605510642 16.2743986858246 21.5382739252383 28.4965172915934 19.2377495462795 0.104859825491772 0.00203568346597237 0.59 13.768115942029 3232.4
"pordenone" 20.6219550119208 45.8263363394492 8.47931999585363 7.0135793510936 9.28578832797761 2.86306623820877 2.1595660136139 0.986144224456653 312533 2.11689645573427 53.6992893550441 10.4804932599118 37.0386047355373 4.5 16.1531742248019 17.6358976492082 22.3822764316088 27.2217653815757 16.6068863128054 0.0794956052640841 0.00301728137508679 0.41 3.39342523860021 2125.9
"trieste" 25.2290435824985 33.4082541313469 11.8085880640466 6.81030053942975 7.18704512372635 3.8594913948112 4.27155578388561 2.98612894939635 223089 2.38962925110606 58.1189570081896 10.0412839718677 35.7920213747114 5.8 13.3530638441233 16.8840860921222 20.3251269760718 28.6341170098894 20.8036060777934 0.170479046479208 0.00102649615176006 1.08 13.1004366812227 4032.5
"udine" 21.3607162767378 45.6555331480033 8.84907079331465 6.70143786643519 7.32103370736069 2.77433765728418 2.69913308963561 1.15351085602254 527485 2.31707199892381 49.3310710257164 7.63490904954643 39.1539411234909 6.8 14.3453651820852 16.6317127182573 21.4171572511635 29.0659258572858 18.5398389912082 0.0712740646653459 0.00404750845995621 0.44 7.07259953161592 2594
"bolzano" 6.91073989167862 18.2232918375362 3.96843518526975 1.83625752358684 1.74903414954927 11.1111618518755 8.68991405529323 0.841637059430628 479943 1.03160287355723 54.3741652654586 9.65531323511334 38.8524662985793 2.9 18.9829021533271 20.6883568220069 21.387180944994 25.1139919198461 13.8275681598259 0.197217169538883 0.0045276209883257 0.29 5.3382420616659 2871.2
"trento" 25.2795385370251 37.6669951053331 8.73819715096078 5.28121397313717 5.05822140489307 3.09995572061704 4.13234349631604 1.59844583354941 535850 2.22911799477116 53.2180647569283 8.79014649622096 39.141201722063 5 17.3944461077291 19.2704463886394 20.9930548625203 27.1411093739027 15.2009432672085 0.179191938042363 0.00460016795745078 0.4 2.83975659229209 2952.5
"belluno" 18.2820833607691 46.8064792256535 7.63481925330875 5.04817716907004 7.5799477623406 3.29338688790852 2.61627268936152 1.59237066789579 184050 2.08204292311872 50.4906275468623 6.21787557728878 37.3581918326546 3.9 14.2512934220251 17.0667652131067 20.6755358462676 29.6560729243656 18.350332594235 0.158462374354795 0.00623200217332247 0.31 1.3949433304272 2479.4
"padova" 20.0752967244899 48.2522748022692 9.19481745160595 6.41581436382475 6.68499502467148 2.82947446168997 2.80280259742924 1.05476964741847 937908 2.57672599929102 48.0327494807593 10.3512284786994 38.3788740425663 5.7 15.9952788546425 18.1494346993522 22.4382348801801 27.8231980108923 15.5938535549329 0.0674351855405861 0.00151507397314022 0.66 5.20760028149191 3648.6
"rovigo" 18.9856289279979 48.4989036249664 10.2293013360288 7.30617801217832 6.64183180221231 2.04031725588334 1.97918110159199 1.09882047979654 234937 2.14610725428519 47.7830226826766 7.89530810387466 44.2090696189057 8.2 13.3648595155297 16.3303353665025 21.7866917514057 30.8401826872736 17.6779306792885 0.200879384686107 0.00330726960844822 0.43 3.21750321750322 2720.3
"treviso" 18.3906882135609 53.622875349327 7.44825910275276 5.70961194889588 6.06895186150225 2.65241007501811 2.65848532714108 0.827809354088195 881060 2.22981408757633 49.5578053708034 10.4705695412344 38.3913721042172 7 16.9872697413624 18.3960234555748 22.1600214461267 27.1989601331822 15.2577252237538 0.0822112001452796 0.00182507434226954 0.65 6.21890547263682 2352.3
"venezia" 21.6314174823415 45.6982947714628 11.4018254510887 6.05306567506361 5.39120621598884 2.81925695854737 2.89677889979844 1.41801609914675 840410 2.10647184112517 53.1851120286527 10.2058519056175 39.1386166854085 6.1 15.0705816452566 17.1276797705013 21.8155056964532 28.7253116584519 17.260921229337 0.100767482538285 0.00147785009697648 0.5 8.61513687600644 4515.8
"verona" 16.9159394971166 49.7020758870874 8.82675389730197 6.59466276862193 8.47780164537894 2.79585179110996 2.69134437977414 0.99850258037489 909401 2.31081643680299 50.651912632601 11.9330196469984 40.9499516121436 4.6 16.8004861321731 18.824022096132 22.5039044918656 26.4464968585975 15.4250904212318 0.0878039500726302 0.00217505808768629 0.63 6.92618806875632 3589.9
"vicenza" 18.2304341899137 52.5316384976211 7.93269821689159 5.31088748695464 6.88482313057431 2.59856931194229 2.91813880936897 0.844959629209993 846600 2.27059869166113 47.1442239546421 9.70470115757146 36.9608333305741 4.7 16.8174829375083 18.7927431941356 22.1036666674397 27.1131864130851 15.1729207878314 0.074128277817151 0.0017115520907158 0.53 4.96894409937888 2720.7
"frosinone" 16.0849493693077 40.3505330205612 18.571822120562 8.12762440624765 8.8985633071484 2.12957784103716 1.98599203599663 1.11779879621668 489083 3.275517652423 51.0148584187142 5.41094251895895 49.7199688165624 14.3 15.1264713760241 19.9863826794225 21.4620013371963 28.0878705659367 15.3372740414204 0.0872285481196443 0.00442051758086051 0.67 3.88529139685476 2491.8
"latina" 14.8161415089914 38.9038852712782 16.7342569967719 11.9845970806095 10.5824708636637 2.10361576283257 1.26737199414928 1.12494189790235 575254 3.02701067702267 59.235224787659 9.49719602123584 53.0565476190476 13.6 16.3724198354118 20.2314108202637 22.6779822478418 26.6324093357021 14.0857777607805 0.052868819686608 0.00234852778077162 0.6 0 3419.7
"rieti" 18.3485403831657 41.0369388338662 16.8564298526086 6.67680469988822 8.16891523044529 2.48641763497881 1.29064961397489 1.87293665028984 155503 3.13181826958352 50.5231410326489 8.75224272200536 48.0412092942571 10.3 13.7785123116596 18.6710224240047 21.0124563513244 28.9216285216362 17.6163803913751 0.0294978231931217 0.0101348527038064 0.57 1.84010152284264 2768.4
"roma" 26.754267128418 29.5666063079063 18.2323102513775 5.9238806602293 8.88115048709578 3.46180021501721 2.00727206058542 2.46921674210061 4342212 3.11594643467431 60.3063369545292 12.8235562888224 41.4978930860542 9.1 16.331330667411 18.3899358207292 23.4165904382375 26.9587942735177 14.9033488001046 0.100717099948137 0.000660953449532174 0.53 11.5679442508711 5201.1
"viterbo" 18.9946704497527 41.4158455069463 16.0704471965543 6.34753268663011 8.55092468335826 1.69983257288192 1.98995437291515 1.48000460105057 317030 2.6212030407217 50.6400025234205 10.0545689682364 51.1032431666903 10 14.6408857205943 18.3922657161783 22.2051540863641 28.375232627827 16.3864618490364 0.10412894678737 0.00529602876699366 0.46 1.72721858248958 2902.3
"ancona" 25.5070415115544 34.1324541687153 18.6551766523846 4.87637845051626 5.40010184729929 3.06814989112875 2.99352040457962 2.029044040177 471228 2.83132581255783 51.6599183410154 9.31693362873174 40.5224616046537 11.1 15.5099017885185 17.5789638985799 21.9218722147241 27.2318283293862 17.7574337687913 0.14840162299354 0.00248287453207365 0.6 4.78632478632479 2964.2
"ascolipiceno" 19.2345690411338 37.9991690134343 20.6066201929735 6.54909745625779 5.91754766631273 2.19103457827432 1.81801394210794 1.77831125063478 207179 3.27108442457971 47.7239488558203 6.90562267411272 48.9213803108252 10.4 14.4850588138759 18.5766897224139 20.9369675497999 28.1896331191868 17.8116507947234 0.193962708575676 0.00502464052823887 0.85 4.22670509125841 2932.7
"fermo" 18.3720242495934 43.3658632756666 18.2266252649219 5.41919266597664 5.63975553255459 2.29434669032481 1.8125585292523 1.8100941396816 173800 2.7566168009206 53.3049482163406 10.7059838895282 49.95872116552 5.8 14.8527042577675 18.5632911392405 21.0397008055236 27.9298043728423 17.614499424626 0.0887859608745685 0.00524741081703107 1.06 3.07017543859649 2754.3
"macerata" 18.9096678844025 40.9869418621762 16.3005994843283 5.87200337809739 7.91229742612011 3.18807941088029 1.82276504948785 1.46960032245475 314178 2.87034738269389 50.2508132332627 9.55636613639402 46.3363362048201 7.6 15.3409850466933 18.384800972697 21.2032669378505 27.2956731534353 17.7752738893239 0.116255753108111 0.00518495884498596 0.59 1.16635972989564 2923.2
"pesaroeurbino" 24.4852113370238 37.8201702732569 18.7580739718494 5.50145526046828 4.66409683059315 2.70974168478176 2.12815630690691 1.14293718774157 358391 2.39307550263775 46.2182365070551 8.35391610152468 44.7815125074068 6.8 15.7509627012478 17.8106696834092 22.0231494123482 27.3571551969149 17.0580630060799 0.0648537491175839 0.00511452575539006 0.71 2.34588106928532 2629.5
"arezzo" 29.6586506076814 35.8897595182304 12.4933071568802 6.50688283350509 5.37500071966055 2.80437323323335 1.96841553775915 1.63334158544098 342654 2.34421965489944 49.30950754989 11.0023522270278 41.1689219236389 7.4 14.9667011037373 17.8658355075382 21.6177251688292 27.8280714656767 17.7216667542185 0.169853554897944 0.00420540837112656 0.45 4.85773768216516 3003.6
"firenze" 42.0690633470458 23.9112765639317 11.2104296618909 4.90582096590539 4.47911115541362 3.57700137635959 3.1119528587257 3.31342276475753 1011349 2.45970873397757 48.4187950944728 13.1168370166975 37.8885116304035 6.2 15.3075743388286 17.5645598107083 21.776360089346 27.1516558576713 18.1998499034458 0.115579290630633 0.0016186301662433 0.47 7.88026878436164 6252.8
"grosseto" 25.9683098591549 37.9912539754657 13.8450325609571 5.91681811297895 6.05974557019537 2.62759351809783 1.84385885203695 2.27926699984855 221629 2.09043040396338 52.3311479995849 10.6439139282314 48.1072845892052 7.1 13.7297014379887 16.4450500611382 21.1723195069237 29.2439166354584 19.409012358491 0.145346502488393 0.00896092117908757 0.44 0 4051.4
"livorno" 32.6341935374361 29.352555434223 15.667558744151 4.95810253421674 4.47887021121302 2.47593936890704 2.71187783253461 2.8912363288654 334832 2.27180184772413 47.2150212643953 8.3546375495771 41.1557975289497 5.8 14.3218091460792 16.1791585033689 21.6714650929421 28.444712572275 19.3828546853347 0.0643964734553448 0.0021353992449945 0.59 4.75524475524475 4924.3
"lucca" 24.4078423038096 39.29971839966 13.2771903724563 6.7355613410552 5.00292226767972 3.03543913713405 2.50092981244355 2.25811593432868 387876 2.42629087646567 51.4767606142169 8.11548020501397 43.552969141797 7.9 14.6281285771741 16.713331064567 21.7716486712248 28.7076282110778 18.1792634759562 0.125671606389671 0.00196196722663944 0.43 8.8042049934297 4179.9
"massacarrara" 22.7832595356364 35.7027263941022 14.7063451035041 11.2393517790115 4.38852801690229 2.95003483850666 1.85430761277562 3.05567418129509 194878 2.47693428709244 54.3396381325753 7.64016461581092 43.6005075917428 7 13.6203163004546 16.5395786081548 21.1768388427632 29.5133365490204 19.1499296996069 0.0687404427385339 0.00423341783064276 0.71 6.90909090909091 4180.1
"pisa" 31.3859964593875 33.7733543353917 13.195983588657 5.10275675248702 4.768210689676 2.78184344173555 2.47471157018265 2.7962475083288 419037 2.71551199536079 48.6400962206201 10.0668914678179 39.4354431232526 6.1 15.5036428764047 17.6573906361491 22.5910838422383 26.9890248355157 17.2588578096922 0.0923235895636901 0.00273722845476652 0.47 3.6617262423714 4584.1
"pistoia" 29.703791385213 35.3033320811154 12.4090074636916 6.3331514073276 5.94685397957231 2.75369817766846 2.21713459452946 1.89746461302921 292473 2.23160711820367 51.7620429920027 9.88604076273707 43.082780715336 8.5 15.1306274425332 17.2118451959668 22.0526339183446 27.6251141130976 17.9797793300578 0.0482984754148246 0.00195231696601054 0.59 5.07880910683012 3789.4
"prato" 32.4624423065768 34.4677289714205 11.6894954466735 5.95371268053795 5.46316321541916 3.15211176572949 1.99865761801775 1.69703598743796 257716 2.08485309410359 53.172872464263 18.4012634062301 43.9099421575493 6.2 16.9651864843471 18.4369616166633 22.9139828338171 26.1357463254125 15.54812273976 0.0647883716959754 0.000337580903009514 0.24 11.4942528735632 5176.2
"siena" 37.5506601449009 28.699201941819 11.9708727152367 5.11125004597109 4.81188628590342 3.15692692434997 2.33386046853738 2.44345555514692 261354 2.61063538342631 47.980516846882 11.3443834798779 39.6483057411414 7 14.9107213030086 17.5634456973694 21.3370659101711 27.5137819661149 18.674985123336 0.132999686249302 0.00702878088722575 0.48 3.32063146434404 2841.4
"perugia" 24.1650641308375 38.0571384885 14.1655346000717 6.52217380309686 6.69565933322748 2.71548961145122 1.82483254235693 2.11358303487941 656382 2.69823033391134 48.1877930839054 11.2664576420438 44.0872284653915 7.8 15.5397314368767 17.9163962448696 21.4852022145641 27.395327720748 17.6633423829416 0.113048499197114 0.00484473980090862 0.5 1.50943396226415 3686.3
"terni" 23.4016588982273 38.564796124344 16.0962674789885 6.09883656916358 6.22086835247917 2.59386354461042 1.50475281682387 2.05435460784674 225633 2.49077041035664 51.6967819423577 10.4550309573511 44.240106397195 10.4 14.0103619594651 16.9093173427646 21.2012427260197 28.3806003554445 19.4984776163061 0.10342015573963 0.00479096586049027 0.51 4.25531914893617 3291.2
"chieti" 16.9769745131478 34.4163340893241 24.8216975216395 9.36490913459566 5.62539191382877 2.3974870631809 1.54421374027907 1.57292966941519 385588 3.3119957636358 55.7462887849207 5.63814226583815 51.3736138883839 13.5 14.8718321109578 18.7096071454506 21.4747346909136 28.0146166374472 16.9292094152308 0.168680041910018 0.00543844725458261 0.81 4.24415832141154 2679
"laquila" 17.2277146490544 35.6655864134225 18.4099766173032 10.4188374287238 10.5361611354966 2.12905607745006 1.27579275546622 1.80005743118513 299031 3.84441746842301 59.2400119051202 8.48373579996723 49.1317492076938 9.4 14.4252602572977 19.1652370490016 21.3044801375108 28.7642418344586 16.3407807217312 0.187184606278279 0.00797576171032435 0.47 5.49266247379455 2341.2
"pescara" 17.8636818116892 33.538715248471 22.8064821908558 9.89923517419589 6.72436405188869 2.14514809572658 1.74195894093052 1.97049772110478 318909 3.17551401810548 51.7034639975667 5.54358766920971 50.7002668808011 12 15.813915568391 18.7194466132972 21.8626630167226 27.2943065263132 16.309668275276 0.0816502513256133 0.00299458466208229 0.8 6.07329842931937 3933.4
"teramo" 15.6803529263725 38.1312963086329 22.6441350417102 7.92381882915492 5.86680878466902 2.89935528760391 1.66618553801286 1.83791145752374 308052 3.28288730474076 56.1440925558023 7.95644891122278 52.8386847850636 9.3 15.1984080609767 19.3658862789399 21.7797644553517 27.6008595951333 16.0550816095984 0.0803403321517146 0.00641125524262138 1.01 4.50632911392405 3281.3
"matera" 15.4563944699448 22.3675892587197 30.0854794821757 9.1732402495671 8.08481983343869 4.808564439436 3.75862353296869 3.22815600692631 197909 3.67845828133132 63.2325967995392 5.52526666296126 57.5878905503809 10.5 15.3611003036749 20.7282134718482 21.1299132429551 27.5626676907063 15.2181052908155 0.110085948592535 0.00891318737399512 0.51 0 2591.6
"potenza" 18.2100149024074 23.7329924761016 29.4819293165489 9.50179919308916 8.53011376715897 2.57823763887711 1.76284575402547 2.42376146455529 364960 3.9670100832968 54.7692897851819 3.36530030688295 56.2871256433045 10.9 14.5010412099956 20.3334612012275 20.6962406839106 28.6045046032442 15.8647523016221 0.135206597983341 0.00311540990793512 0.17 5.71679859278804 2216.1
"catanzaro" 16.6779037695372 23.0056696291756 26.6288691388293 12.4157217284707 12.2893043211768 2.42261722341404 1.21054244560221 2.28470732454796 358316 3.77599660634747 63.574051954141 5.40109847174003 58.9299649307547 20.7 15.8117415912212 21.0841826767434 20.7568180042197 27.7763203429375 14.5709373848782 0.20285725449045 0.0044402147824825 0.67 2.95411690760528 3417.1
"cosenza" 17.438373270666 22.8152459988922 31.1688183990325 11.4934956391776 7.56662504137947 2.04488320337722 1.10749484600283 2.43917627817491 705753 3.68047687317055 56.7691529472776 5.28711886453193 62.4114794427953 21.4 15.4235263612057 20.6233625645233 21.2959774878747 27.8282912010293 14.8288423853671 0.151618200701945 0.00108536555990552 0.12 18.0156657963446 2709.3
"crotone" 19.6082909838406 21.8770817868631 32.9126934277394 8.46609185557395 7.08426121547803 1.22194940901045 3.89996002969223 2.50861264965074 174980 3.40838953023203 69.9742827751743 7.87347125385758 64.9112063686467 28.8 17.6860212595725 23.3638130072008 20.6446451022974 25.3588981597897 12.9466224711396 0.20705223454109 0.00540061721339582 0.55 0 2884.9
"reggiocalabria" 20.6723959890981 22.7749030849185 19.6256566807925 16.6575441407991 12.2352821681893 1.46599931157846 1.96482278788152 1.66406157422821 548009 3.84129866678478 67.6616624909445 6.21121185965924 60.4345258446524 18.9 16.8468036108896 21.6972713951778 20.7954613884079 26.135884629632 14.5245789758927 0.119687815346098 0.00306381829495501 0.53 4.64562239428231 2920.4
"vibovalentia" 17.5521435942337 20.9872103567966 19.966227837018 18.598142531036 16.1105725632446 1.43218987460521 0.934988586259733 1.63388473685856 160073 3.74891455773303 60.0444797061341 5.37004991472641 64.1021972406745 17.6 16.4237566610234 21.8031773003567 20.2607560300613 26.83837998913 14.6739300194286 0.0969994939808712 0.00630962123531139 0.89 3.56435643564356 3174.8
"avellino" 20.4210967625566 22.0732117524899 29.9511044162023 12.6879896261413 5.29027791996334 2.4062672146092 1.36839385563372 2.3248558238394 418306 4.0943711063193 50.9614970858654 3.50030838668343 58.0284018913991 14.5 15.1958135910075 21.1615420290409 21.0028065578787 27.5845911844439 15.0552466376289 0.0859729480332579 0.00455647301257931 0.68 5.77124868835257 2657.6
"benevento" 16.402909656283 27.8614660923506 27.7194735965351 16.3664199646209 4.62943131608799 1.60078690813323 1.38264201232717 1.43182377065436 277018 3.9185179302428 54.4928488401476 3.76257138525294 60.4550217033378 10.5 15.1015457479297 21.3491542065859 20.5365716307244 27.2837866131443 15.7289418016158 0.155950154863583 0.00534983286284646 0.72 0.742240215924426 2138.5
"caserta" 17.0057756099751 23.3836430684261 32.3863540690267 15.9766618209168 4.97381611221185 1.77000836312815 1.07822611877887 1.21910834460578 922965 3.74304551093487 61.3933356086092 5.2893663356682 56.3667068856549 18.4 18.4523790176226 22.6277269452254 22.2472141413813 25.2373600299036 11.4353198658671 0.103002822425552 0.00196757190142638 0.69 3.90969162995595 3245
"napoli" 20.1246316838021 13.8631833609114 39.154893680769 13.2480016809518 5.27058168910368 2.37346897680812 1.68523204042067 2.03718133170686 3084890 3.33136675862024 66.6766400098545 4.35470956825041 52.8735244628737 23.3 18.8055976063976 22.5382752707552 21.6113378434887 25.53313084097 11.5116584383884 0.0690624301028562 0.000306007669641381 0.81 12.6059322033898 4342.9
"salerno" 18.6216011682069 24.1714364894105 26.7001353670365 12.4661315938136 8.2326607616794 3.70820409511933 1.52485104296571 1.79920911542438 1098513 3.78842535087654 57.2972736781449 5.18346164314851 58.4922287091675 17.2 16.4489632803617 21.3766245825038 21.350589387654 27.0346368226867 13.7891859267938 0.0858979365742599 0.0029148494373758 0.65 6.02748282323548 3331.1
"campobasso" 15.0254226630015 24.5683537253634 31.3794714242081 12.997897914084 5.47440665480875 1.45618857686987 1.23520005749295 1.94398030866527 221238 3.7303718167765 49.6840506603748 4.58781945235448 56.8963318454878 11.8 14.1101438270098 19.8315840859165 20.7676800549634 28.4083204512787 16.8822715808315 0.132590242182627 0.00742639148789991 0.56 2.1911138161899 2550.2
"isernia" 13.5577705451587 23.3802888527258 21.3562855980472 21.8444873881204 8.74694873881204 1.29424328722539 0.887408462164361 2.60628559804719 84379 3.75567380509368 53.3912466371965 4.44423375484422 57.8995449531164 13.1 13.5389137107574 19.9777195747757 20.425698337264 28.833003472428 17.2246649047749 0.229749108190427 0.0128942035340547 0.71 0 2851.4
"bari" 17.0400925504476 22.3577605826127 26.5707024730693 10.6406463359126 8.12812926718252 8.04695797299348 2.03876498255196 2.63654984069185 1251994 3.19122935093938 57.8847821954418 3.43915386175972 53.1772153017386 11.8 16.2382567328597 20.3691870727815 21.725583349441 27.2239323830625 14.4430404618552 0.0769404645709165 0.00151198807662018 0.49 4.12044374009509 4072.5
"barlettaandriatrani" 14.9909372860193 23.9545655939099 30.0294034720264 12.2979014782293 8.82829177911145 4.14065332098119 1.65465017924034 2.20324646554155 390011 2.93350700364861 68.1714105499589 2.8694062475161 62.0487949677188 14.2 17.4741225247493 21.5301619697906 22.1780924127781 25.9054231803718 12.9121999123102 0.0535369515218801 0.00194609895618329 0.49 5.79710144927536 3222.7
"brindisi" 15.2724690352361 27.3130452339676 26.7442265249145 12.1826068188622 8.24891562406444 3.81881348733908 1.61942756090259 2.57186819001469 392975 2.92181436478147 63.4503467141676 2.99281124753483 58.3059187900655 11.9 15.4131942235511 20.2488707933075 21.2893949996819 27.4770659711178 15.5714740123418 0.0696151154653604 0.00270500667981424 0.58 0 3195.4
"foggia" 14.4162053058717 28.5347995131388 28.8854464357255 11.9384021336426 6.77637578361384 3.45648582340978 1.31215970269414 1.51590883943118 622183 3.22477470454834 57.8762196974202 5.09641054159307 61.7909785813049 20.8 17.0560751418795 21.288270492765 20.913782600939 26.238903988055 14.5029677763616 0.110036757674189 0.00573625444603919 0.51 4.76323900252171 4136.1
"lecce" 19.5669929769754 26.8526357208437 21.8602072328806 9.95564405546878 11.9042650863868 2.94812023799587 1.99989268723097 1.97395876804941 794065 3.30602658472543 57.7530806671998 3.36521569392934 60.9208412593417 17.5 15.2667349151212 19.4415029416425 21.3813017680039 27.3631865823874 16.547273792845 0.1058099777726 0.00306272156561491 0.88 0 3077.3
"taranto" 15.5810466928373 25.4976032193794 26.8838892943799 11.7111830035705 9.12601345353402 3.68196792456552 3.15082950308721 1.91052019016432 576756 2.94387921408707 64.8426717710782 2.50469869407514 52.9348465182325 15.4 16.1628140842921 19.8323034350748 21.4893299766279 27.182031916443 15.3335205875622 0.134337570827178 0.00265796974803903 0.63 1.5003261578604 2946.3
"cagliari" 25.365073878856 25.6466200063366 24.2705723091103 8.42982228750828 6.75350672542412 2.56127768656931 1.8318499956796 2.66568737578847 707809 1.86759422386548 80.3794526489491 2.349927734742 43.670335769124 15.8 13.9495821714095 18.0192929625694 23.8853650954208 29.2449853609195 14.9007744096808 0.13766425688286 0.0021050876719567 0.33 0 2809.6
"nuoro" 27.004477004477 26.4736806403473 27.7777777777778 6.21862705196039 4.75342558675892 1.73314339981007 1.2973137973138 2.2351105684439 380946 1.87086883705302 84.5206407207321 1.45269933271382 56.3891106498483 11.3 14.4531287461041 18.8530328458403 20.831455286502 29.1623111963558 16.7000719251978 0.0369894945740341 0.00404519275697868 0.39 0 2841.5
"oristano" 20.8641817717641 30.4123053357161 25.2212577652966 8.19291975151051 6.68666496468386 2.26576461577738 1.51901965790146 2.14662581907923 283705 1.60001128258287 83.4320861458205 1.23156095239774 55.8490566037736 17 12.5282961441154 17.8768222082723 21.174710063599 30.1407039636795 18.2794676203339 0.0994131227859925 0.00424032005075695 0.4 0 1493.3
"sassari" 24.4556765163297 28.8505332148411 25.7671906243057 7.63094312375028 5.35992001777383 2.12730504332371 1.68643079315708 1.55104421239725 852584 1.57051973764462 83.1064153209537 2.75046212455312 51.3935121518629 13.4 14.3006808782455 18.3912395157566 23.1097847513381 28.8214723814057 15.3768224732541 0.0361278184906121 0.0023634034886885 0.47 0 2887.3
"sudsardegna" 22.4998537641118 27.7058513853413 26.5632616452512 7.96790609706163 7.44438161717394 1.52182814358414 1.37559225534736 2.38559479010275 350725 2.54159241571031 70.7537244279706 1.83334521348635 55.9814958742687 16.1 12.8582222539026 17.7406800199587 21.887518711241 30.5584147123815 16.9551643025162 0.047267802409295 0.00728490982963861 0.39 0 NA
"agrigento" 14.9926742162938 20.3008149934373 30.8949665761118 22.4069778089802 6.28491193797503 1.16525747077318 1.05002899789384 0.921827783034706 434870 3.29247821187941 69.8659369466737 3.7008761238991 63.6386121122182 23.6 16.516200243751 21.3022282521213 20.6197254351875 26.387886034907 15.1739600340332 0.1 0.00332743118633155 0.48 0 2681.7
"caltanissetta" 14.1138119768191 23.3781390856407 34.5634792874007 15.6457930886456 5.92267654003005 1.16038849538528 0.642573513629534 1.04367890105173 262458 3.58838366519596 71.5977413529022 3.02867506420075 60.6989798998008 18.3 17.087305397435 21.8903596003932 20.2992478796607 26.4282285165627 14.2948586059484 0.178748599775964 0.00581807374894269 0.72 0.91683038637852 3008.1
"catania" 17.8741433242861 21.1252239626758 32.8416502575201 14.5322949743663 7.37554179749635 1.38546415710206 1.19269364271227 1.60070485415077 1055489 3.24996281344476 67.9555163530837 3.45972340782329 56.6871671181717 16.1 17.8055108684466 21.6859769143687 21.320625944523 26.1054868547678 13.082399417894 0.196040887209625 0.00181053521164124 0.54 4.97121925693354 3859.2
"enna" 18.8860963490206 18.648197532759 35.3893674577442 15.44040059091 5.76520921666059 1.76505573355333 0.917061565911402 1.20484239203423 164788 3.30788649658956 68.3696628395271 2.50625045513023 63.0492785748004 23.6 15.6431293540792 21.3352914047139 19.997208534602 27.4364638201811 15.5879068864238 0.2514139379081 0.00833191737262422 0.54 4.80699198834669 2404.9
"messina" 15.8471085154091 20.4288280942606 23.9330258311329 23.7557301123031 8.71024475342148 2.28256386675326 0.884582383252665 1.1533702778423 626876 3.3151691881648 66.3494853846694 4.72613403607731 56.1775393205746 25.9 15.2454392894288 19.9096791071919 20.9392288108015 28.2058971790274 15.6997556135504 0.18105494547566 0.00335313522929575 0.65 9.37202664129401 2793.4
"palermo" 16.5463614581293 20.201730988512 29.1899616731215 18.907759309212 6.60674010558729 2.88958543679079 1.67322191915691 1.9231252229037 1252588 2.87277221241142 68.2134907886711 2.96122907133072 55.083436505465 19.1 17.526992115524 21.1500509345451 21.1372773809106 26.3863297429003 13.79934982612 0.161702012154036 0.00209486279606702 0.53 6.55487804878049 3713.4
"ragusa" 20.185737010732 24.7373019962808 33.0797840163108 8.7737772500168 7.22671565881747 1.61987766898931 1.07543745659042 1.28156296910358 320893 2.78535212672137 72.1820045934314 9.27349614980695 64.9548298133371 16.5 17.3905320465077 21.8593113592381 21.7926224629394 25.1794211777758 13.778112953539 0.102367455818606 0.00270495149473501 0.54 0 3134.1
"siracusa" 16.0081002828405 18.7754179846362 34.7751502066911 9.86259644190055 15.0750615052468 1.23679938411073 1.01588257937106 1.26357717862463 399224 2.92542532513075 70.0664288720117 4.17810552471795 56.3641553764739 24.1 16.5325731919925 20.5573813197603 21.8328557401359 26.6429372983588 14.4342524497525 0.168672224114783 0.00389255155000701 0.74 3.73230373230373 3846.5
"trapani" 15.0912422375697 21.1784799316823 37.2488869359024 14.5224809929278 5.81860993425253 1.48574365947286 0.734580849493836 1.3787900143434 428546 2.91100605302581 71.855296747607 4.9117247623359 61.5133135458339 17.8 16.0014587959823 20.9077056019624 20.8870315824684 26.4794700017654 15.7243340178215 0.107729391943922 0.00305918151143635 0.53 9.45842868039664 3363.4
