"province" "X1" "X2" "X3" "X4" "X5" "X6" "X7" "X8" "popol" "uni" "aste" "stranieri" "redditobasso" "disoccup" "FasciaEta1" "FasciaEta2" "FasciaEta3" "FasciaEta4" "perc_posti_osp" "km_popol" "km_sup" "perc_autos" "denu_su_ab" "Giornali/pp" "V26" "V27"
"1" "genova" 0.587805406486134 0.413168292685615 0.385554230088013 0.250363069024223 0.247949274894605 0.230582861508983 0.253715588406926 0.626170376406324 0.177743232296804 0.512403936621285 0.204145485061891 0.452469804542505 0.197925357544103 0.274131274131274 0.172087733257224 0.109832914736343 0.0461280493234184 0.696840669461982 0.264925541789417 0.118285111225513 0.628865979381443 0.213124054462935 0.586386676321506 877.43 "A" "N"
"2" "imperia" 0.29742736103416 0.658959780704107 0.307685030370174 0.371389487622263 0.443782146912764 0.121891840379334 0.201351825333364 0.298794406768533 0.0304053728739479 0.270043582661977 0.214840660795855 0.630614022782871 0.534576784813749 0.413127413127413 0.153340844295387 0.208744462645896 0 0.731590268133665 0.165973269603024 0.354599388013314 0.762886597938144 0.118697123519458 0.598587979724837 1540.854 "A" "N"
"3" "laspezia" 0.552906208803018 0.527804150388627 0.344876334729815 0.221882244176928 0.243502546401078 0.14521311673654 0.162433053651276 0.586713058079244 0.0317478398048961 0.437189540803468 0.188223571788925 0.476111646793085 0.217800250944808 0.235521235521235 0.185257650351294 0.156091397800544 0.221442950614215 0.64982476327057 0.191933443165679 0.270068760793374 0.793814432989691 0.158689090125054 0.416998551774077 2155 "A" "N"
"4" "savona" 0.42566285766932 0.626838981193865 0.315949617477788 0.29771124456624 0.244720660827306 0.15675415769372 0.217096424402099 0.443038270607908 0.0450193795764183 0.369043476024174 0.0829616119284564 0.438404660653746 0.302817663010578 0.104247104247104 0.148151283094224 0.0357144238922704 0.0723607338901958 0.723832528553805 0.303604094950488 0.277416919749882 0.556701030927835 0.201653306613226 0.581281679942071 1202.977 "A" "N"
"5" "bergamo" 0.368173247969707 0.936182141300275 0.0830370466445331 0.25864993636574 0.26892814833953 0.154269201344543 0.196809621108776 0.103950099288915 0.241042802759056 0.360434882943096 0.0778626902873617 0.564383686430975 0.110028644745866 0.0231660231660232 0.776216380731934 0.438834133958188 0.623963163303812 0.331945771875416 0.601803755432261 0.0936357621211331 0.412371134020619 0.0439980870396939 0.388631426502534 192.045 "A" "N"
"6" "brescia" 0.389392171181065 0.898400959414774 0.105532146118687 0.277334019365206 0.262938554513673 0.124402918620763 0.187024220137723 0.143064209488376 0.2766940366144 0.317534288422029 0.107834898928814 0.653483780106578 0.19778927757558 0.0694980694980695 0.723434571717195 0.427770720546298 0.687637682007983 0.251609573035508 0.345267998783419 0.110134513388934 0.288659793814433 0.134539236861051 0.379036929761043 246.282 "A" "N"
"7" "como" 0.330329646648334 0.865618265703549 0.134946920929687 0.330439800216347 0.29283137385828 0.182956880518499 0.219667859959398 0.0874888681422529 0.120041814697758 0.323467034952028 0.123913640042979 0.412460907441887 0.150698798286093 0.135135135135135 0.583690095557517 0.34166039778032 0.648469441830047 0.387360827031263 0.428051243896254 0.0832543647201223 0.422680412371134 0.0659930139720558 0.250760318609703 1803.995 "A" "N"
"8" "cremona" 0.383853651640467 0.820490465978805 0.140470901430702 0.348668003091733 0.275830159715478 0.0978785301211103 0.166588181975001 0.248474700768553 0.0644872638264582 0.33077354919283 0.0795690170881318 0.625366038135648 0.0996510968760248 0.0810810810810811 0.451810409968565 0.334983192063964 0.488926416050739 0.481845597155585 0.74361249356207 0.190063491253828 0.412371134020619 0.0385474860335195 0.242052860246198 1432.464 "A" "N"
"9" "lecco" 0.443172395571493 0.786245308737705 0.113313481561378 0.316331066567849 0.279565714476565 0.179101275736563 0.243086528124525 0.255749878254102 0.0594201322597669 0.407406415014594 0.0942125417700542 0.413501491260029 0.00909319719646199 0.0926640926640927 0.594999419808265 0.332120111538942 0.413252243458433 0.470128035856655 0.53618262178347 0.120771669758879 0.56701030927835 0 0.316039102099928 1186.26 "A" "N"
"10" "lodi" 0.381034483313552 0.803741366934446 0.181864119998276 0.333488345971544 0.246906880425166 0.12217913709213 0.157828755254612 0.267526300715356 0.0342472332757062 0.316040848943129 0.158560485411913 0.639934517766841 0.0268504479876521 0.166023166023166 0.648867290619897 0.396900426197957 0.79511228603004 0.330847591691606 0.273363158042695 0.178912360161421 0.597938144329897 0.138170055452865 0.216292541636495 1465 "A" "N"
"11" "mantova" 0.473107559491228 0.748129694623767 0.196572737354124 0.256032584154489 0.24039631874704 0.116550047784227 0.211911448061498 0.150524791978236 0.0742255508846871 0.232070113015191 0.186955531964861 0.687055709984754 0.198105257116041 0.135135135135135 0.526601902681837 0.282594359919718 0.713079514544444 0.335344390082881 0.658303929763849 0.225383505027504 0.402061855670103 0.0617231638418079 0.270130340333092 1713.465 "A" "N"
"12" "milano" 0.630976218492452 0.508936597621084 0.192150770283712 0.343004081192433 0.258722437543916 0.278171025922417 0.284821019632131 0.396766627985052 0.7421923311694 0.405542949327348 0.263624324019989 0.771904406091193 0.024435526691163 0.115830115830116 0.576733932809485 0.40797105916257 0.760965238601948 0.164760795025058 0.315536334735527 0.0215584381685116 0.587628865979381 0.295837231057063 1 79.153 "A" "N"
"13" "monzaedellabrianza" 0.472453983567921 0.695693768056176 0.180843019590331 0.371239123642581 0.253096567585059 0.192860680262583 0.223011680250616 0.137879614191194 0.185436112689248 0.389943438491736 0.177854141764028 0.453602351429586 0 0.158301158301158 0.65584915649414 0.313026007259236 0.713942261698857 0.336350186743684 0.188154950094621 0 0 1 0.279761042722665 147.717 "A" "N"
"14" "pavia" 0.352412819815699 0.839719359024326 0.159434516456046 0.349798744418045 0.2552865240647 0.149806965875318 0.146270398005649 0.0941536356042047 0.108390582721304 0.320993382701921 0.140917613187855 0.616021464644744 0.148168126328305 0.146718146718147 0.361730206024326 0.270670367704165 0.608916355392805 0.527270510534528 0.855673949493947 0.303744555004784 0.639175257731959 0.0843759654000616 0.446035481535119 1273.759 "A" "N"
"15" "sondrio" 0.23902508241816 0.994053961065307 0.0622929727703962 0.362385792163891 0.253299427633152 0.296355561684759 0.17408449998909 0.039017366086934 0.0227148410940495 0.230401462039057 0.0829332677646445 0.250686206034223 0.284347613905397 0.0965250965250965 0.502429446277491 0.382261416257923 0.279900289420119 0.626992614257477 0.900099104309581 0.256485379661261 0.0824742268041237 0 0.135119478638668 801.346 "A" "N"
"16" "varese" 0.362567090115707 0.807871063488309 0.177148698335311 0.320678413808476 0.26653094013615 0.187188329343469 0.239804739433907 0.0342407166850003 0.188758225134711 0.330610172898839 0.183439247861623 0.431220189010519 0.094616792466242 0.0965250965250965 0.581470015759285 0.311167469134212 0.558830978679918 0.363451471476051 0.276932094755345 0.0742923737677435 0.65979381443299 0.09862043251305 0.349873280231716 363.288 "A" "N"
"17" "alessandria" 0.394782348677272 0.702709346631019 0.25033899578552 0.379334227196026 0.287378487896996 0.113563002608648 0.143594666093733 0.112593748308701 0.0783724960560924 0.330154730422475 0.12060098506257 0.57829128320701 0.222318676533519 0.243243243243243 0.16145399264896 0.117700161614249 0.247104867963723 0.756637758889118 0.564096876428767 0.42616880404825 0.556701030927835 0.150180375180375 0.35888848660391 580.567 "A" "N"
"18" "asti" 0.365471383603783 0.736241144603394 0.230206956160963 0.360380759953414 0.286362957972983 0.152926383018819 0.204591174734095 0.125290556480347 0.0305927921550704 0.296300771043177 0.161685915918684 0.60086774174248 0.302897705663407 0.104247104247104 0.361015033622709 0.21072252580907 0.258629013100259 0.626726255689252 0.290786729866438 0.495123218164974 0.824742268041237 0.0626816860465115 0.370238957277335 502.927 "A" "N"
"19" "biella" 0.350276383758628 0.707308120813457 0.206339051178044 0.346908008863539 0.413872120873158 0.229734518780812 0.199035678487552 0.176010379920345 0.0206630931743918 0.336224857529776 0 0.258411028234363 0.13185868655608 0.196911196911197 0.121517015319498 0.0556842113103267 0.150955652897109 0.835520175607191 0.300052623462041 0.318939465113749 0.690721649484536 0 0.254344677769732 1463.355 "A" "N"
"20" "cuneo" 0.376173696196111 0.756472891343987 0.159849043766787 0.363359738379317 0.299131303130354 0.223426967092095 0.193470041960851 0.162120102132979 0.11806921502088 0.299470164704677 0.0721327242611903 0.534344623872917 0.267994789211812 0.0733590733590734 0.556239615426641 0.410289512743002 0.268665913368778 0.397469094510763 0.462571975660336 0.484410715821753 0.43298969072165 0.0619286813286269 0.191944243301955 2549.575 "A" "N"
"21" "novara" 0.4126858325241 0.679382582966964 0.208407536098634 0.369314610745385 0.401813829976064 0.150803784199293 0.170887327022824 0.0138518637383596 0.0668506726308899 0.330895075734021 0.148026238700284 0.546649386108971 0.0634509702063195 0.196911196911197 0.477118909614564 0.28742265257009 0.559714958100807 0.526147389205584 0.387170219885875 0.197852312709837 0.618556701030928 0.206287008011145 0.350868935553946 1136.085 "A" "N"
"22" "torino" 0.581335706284065 0.449616020017819 0.324123965789909 0.298142269092295 0.267251934368459 0.252157180138078 0.235637839215452 0.418725293914426 0.510857048644228 0.452647375488803 0.142733915339861 0.500097715436824 0.102168886673676 0.208494208494208 0.419925111639622 0.257991765247618 0.450199366005818 0.458258382667151 0.375757398212191 0.107012969790056 0.371134020618557 0.178944375516956 0.696234612599566 66.259 "A" "N"
"23" "verbanocusioossola" 0.414228504820691 0.758255535714981 0.181243679350205 0.326363049290513 0.283427500974499 0.120622762390211 0.203741728474701 0.131461931459616 0.0173726869982923 0.222677076588414 0.0919841285469016 0.299868321052213 0.325250317625459 0.115830115830116 0.199550673790499 0.142529488057 0.302580297417175 0.814927409228212 0.533464577408988 0.360306581254546 0.22680412371134 0.0465587044534413 0.166618392469225 0 "A" "N"
"24" "vercelli" 0.346113039809568 0.767367643595405 0.189201773373342 0.379749766696807 0.322742789454283 0.223963731842935 0.122866181004005 0.0612920845833842 0.0203230140778185 0.322564634099549 0.0938240697618353 0.408218215526225 0.149038700597699 0.193050193050193 0.21535923667689 0.1874497172056 0.145447080847556 0.774769134957565 0.494240256604922 0.489348016753159 0.422680412371134 0.17874730686365 0.265948587979725 800.237 "A" "N"
"25" "aosta" 0.265825097716175 0.582898662515244 0.164045446399065 0.164274138829939 0.106240226327582 0.259652675704679 0.501795226064672 0.75181481419265 0.00843504195678882 0.392967906568126 0.389531908500534 0.310567842504006 0.157944533014614 0.138996138996139 0.522508106899354 0.2824035828782 0.404218816380822 0.591206903838637 0.3924524949274 0.489180527595052 0.123711340206186 0.274168853893263 0.255467052860246 946.549 "A" "N"
"26" "bologna" 0.848150931411355 0.331652977874401 0.253884587483111 0.167056042393727 0.19484020116536 0.261622961727947 0.375497163702029 0.741223635228243 0.218477333422894 0.408366413187881 0.10487437505671 0.625499026797155 0.00226272348460387 0.0579150579150579 0.448292561278591 0.272004269087508 0.673251625872932 0.297142128569216 0.518918942684899 0.109107561086244 0.298969072164948 0.223502824858756 0.858146270818248 15.906 "B" "N"
"27" "ferrara" 0.527291823884612 0.705817340483497 0.213527630503229 0.18306071409991 0.24637736495663 0.200223861653731 0.221328471108864 0.20410913794563 0.0613720641462453 0.339997087251661 0.0321726156249771 0.475293146913648 0.226776698610781 0.223938223938224 0.107193502784797 0 0.426557142730409 0.844013768284081 0.473651182721224 0.245269604393167 0.319587628865979 0.133318277627221 0.511296162201303 1794 "B" "N"
"28" "forlicesena" 0.668392800268782 0.515238788909251 0.281217844698049 0.198694210853031 0.175638712257508 0.18118277567734 0.23622712318 0.267637016694457 0.0728652344983939 0.333927361714229 0.0729703638937399 0.571001344646725 0.290359833214785 0.1003861003861 0.521912693027568 0.23320963146718 0.642256824398568 0.351523377796631 0.456166455767061 0.255391326552421 0.45360824742268 0.0626742712294042 0.445202751629254 959.817 "B" "N"
"29" "modena" 0.757889249635339 0.502208783588982 0.25144530576341 0.168252534097564 0.178292710030765 0.153386264010042 0.286268585904585 0.255385468764351 0.145852127126639 0.368586456997547 0.100831830549265 0.699338967502576 0.0762388419680294 0.138996138996139 0.637888419883532 0.349781012145225 0.67224041942707 0.261007628452264 0.395772354022221 0.134999309332408 0.371134020618557 0.0775793650793651 0.525832729905865 519.882 "B" "N"
"30" "parma" 0.512291302556596 0.626890162777555 0.209221082655551 0.19086154188083 0.257216195459374 0.465872496120868 0.277426700439036 0.337908182716194 0.0862532654521678 0.425116571182609 0.186670382155129 0.754179769507623 0.0651871120009335 0.0772200772200772 0.510319714296301 0.396444483926798 0.698914948243312 0.207508399934398 0.603495668129377 0.263503508417865 0.350515463917526 0.11608676975945 0.568048515568429 405.055 "B" "N"
"31" "piacenza" 0.356574947298222 0.790856735642814 0.165372328206635 0.269496982074393 0.342514192826967 0.342649003016216 0.175023185198212 0.23724399175278 0.0476235211667531 0.340522908745443 0.175677571771806 0.786249008818861 0.141809841896047 0.108108108108108 0.422063410928627 0.311333612691358 0.402150475379073 0.401369675460083 0.620815619356081 0.350885951911741 0.412371134020619 0.134708428826076 0.32662925416365 1168.2 "B" "N"
"32" "ravenna" 0.770897543202548 0.468530127830056 0.253276756912597 0.1645249718766 0.162918674459498 0.212672278945152 0.245013739362713 0.357750971191232 0.0716507669511698 0.270483257257787 0.119091301608541 0.629798066945846 0.224952602580791 0.0656370656370656 0.417012545258565 0.137757896534893 0.574965589835161 0.467021867054896 0.568747551923648 0.201450773688173 0.45360824742268 0.0894941634241245 0.529308472121651 1427.442 "B" "N"
"33" "reggionellemilia" 0.79273740971333 0.402743281038732 0.294457192291987 0.152547998626785 0.149643832847465 0.229021031316613 0.278118851275941 0.568944511022553 0.105103229741514 0.311529392237647 0.116893819523633 0.647292848099741 0.0723969353860204 0.0424710424710425 0.746286760048426 0.379342107109956 0.8304415703301 0.148961596162261 0.267296345113916 0.185204306611015 0.463917525773196 0.0592936323794793 0.408834178131789 1307.175 "B" "N"
"34" "rimini" 0.530828690266507 0.56810171942121 0.333743671358683 0.246516733793296 0.210217289647384 0.165899340248937 0.28689855379562 0.268964739155486 0.0598046001334482 0.358333969139877 0.184989763211091 0.57683957141361 0.476849584728225 0.196911196911197 0.536460685354209 0.302079903110731 0.785801033245461 0.356378895026245 0.532008001886069 0.125911204745097 0.56701030927835 0.101590106007067 0.893700217233888 619.164 "B" "N"
"35" "gorizia" 0.503038108015113 0.590932374034268 0.234700049265622 0.189024962697731 0.283486870921745 0.185685767443951 0.408526334863266 0.75992546771614 0.0120253659549353 0.356250735716362 0.221988129885396 0.540715500496891 0.185575824091835 0.181467181467181 0.298200138660961 0.108157749324797 0.41479153449019 0.590711261487871 0.33959679942776 0.154424129998866 0.494845360824742 0.263888888888889 0.314826212889211 1228 "B" "N"
"36" "pordenone" 0.389984896112817 0.80390846558496 0.128199455229655 0.236197372293161 0.524787384284765 0.1711100918315 0.188508550387597 0.0637005214442502 0.0535845346682221 0.354350541633475 0.222398135951963 0.53867749498767 0.133341288695882 0.0617760617760618 0.56159556067609 0.279433153011498 0.625229636731063 0.368093475634679 0.225300366920978 0.230863230427522 0.309278350515464 0.065040650406504 0.114518464880521 1291.386 "B" "N"
"37" "trieste" 0.521023242592174 0.491580034778191 0.222817334111067 0.226923480741204 0.378651006426396 0.271245540696139 0.450954231583423 0.868324730645445 0.0325776046171844 0.443398348925715 0.333903363765715 0.513097011620233 0.0946411304181904 0.111969111969112 0.12777971247677 0.184855902936903 0.11231335486991 0.614741148699928 0.635290607296175 0.075836584379504 1 0.251091703056768 0.459666908037654 1103.238 "B" "N"
"38" "udine" 0.410997310591421 0.79961257739006 0.138707781820929 0.221956998424901 0.387980688231694 0.162193339560511 0.255557667201804 0.131034657495929 0.104068431054013 0.419708259872905 0.11219093980561 0.372944616504955 0.199011869257882 0.150579150579151 0.281515097184331 0.153107548622287 0.384593089758512 0.690150590147927 0.188252401254772 0.311089187383463 0.34020618556701 0.135558157689305 0.199257784214337 1119.791 "B" "N"
"39" "bolzano" 0 0.10966152549409 0 0 0 1 1 0.00556309572642251 0.0929026572906922 0 0.239424799050312 0.490617254746624 0.18965258867749 0 1 0.663429903004592 0.377118992306328 0 0.755778130674171 0.348476563041385 0.185567010309278 0.10231630618193 0.249438812454743 2056.93 "B" "N"
"40" "trento" 0.522459458815359 0.598692056049056 0.135556750228249 0.157164203454591 0.230420109602473 0.19491622969854 0.433655064628971 0.310038751864352 0.106033045448236 0.390991100274664 0.210257164581797 0.44022810320374 0.198616374767008 0.0810810810810811 0.753903484839968 0.485057984701354 0.278850155172109 0.354008019709634 0.674552702229414 0.354125948606753 0.298969072164948 0.0544286680189317 0.26415640839971 212.93 "B" "N"
"41" "belluno" 0.323432472072401 0.828560137597154 0.104198723736518 0.146532706591519 0.406008983496566 0.214355037152166 0.245261048108192 0.30759462051732 0.0234088561012139 0.342970792998653 0.141445767136637 0.290413572296826 0.143262864444939 0.0386100386100386 0.266940735879265 0.207836779921189 0.199682026284734 0.793211611173764 0.581140992520129 0.481200322290441 0.206185567010309 0.026736413833188 0.178511947863867 1089.754 "B" "N"
"42" "padova" 0.374436421848255 0.864923487117994 0.148533910197433 0.208926415619844 0.34369304547591 0.167734296271159 0.268440122872333 0.0913095706500708 0.200460891725908 0.504485814240134 0.0794351647095095 0.531148839114921 0.174949925508097 0.108108108108108 0.537133127193076 0.344035674156943 0.639181952787952 0.47312536397793 0.170953616397754 0.113883170266576 0.56701030927835 0.0998123387285949 0.390170166545981 180.009 "B" "N"
"43" "rovigo" 0.343443254671916 0.871126473367713 0.177933967169782 0.249546172539174 0.340687572022034 0.0884281782906995 0.166093081440061 0.109031889088242 0.0353602407609693 0.363887926225118 0.0731347263741537 0.388110811436312 0.355948243538549 0.204633204633205 0.12960719371878 0.115194535853221 0.476730421527716 1 0.772280831038801 0.253445226056507 0.329896907216495 0.0616688116688117 0.222121650977553 866.133 "B" "N"
"44" "treviso" 0.326521494588781 1 0.0988966797533238 0.17670837697541 0.300797699209818 0.149940263553454 0.250506586999086 0 0.187109499127843 0.391218375978298 0.117911294091556 0.53809951649887 0.175337927609885 0.158301158301158 0.690820414272129 0.375056328525761 0.569814022434421 0.364110854496169 0.237537400201248 0.138023553134928 0.556701030927835 0.119195688225539 0.155503258508327 208.58 "B" "N"
"45" "venezia" 0.418696801892459 0.8006880792695 0.211257130829741 0.192377263385776 0.25360598297508 0.166707491340874 0.280118055710225 0.237449131278875 0.177562389130809 0.350946883956218 0.209425789518824 0.522681798205341 0.19853612235002 0.123552123552124 0.393871523298707 0.215499779077816 0.483914703408517 0.630667032462174 0.321155854033853 0.110984468484508 0.402061855670103 0.165123456790123 0.547157856625634 259.329 "B" "N"
"46" "verona" 0.284575560553659 0.901387579577277 0.13807353509742 0.21708575449414 0.468526929497542 0.164355396021353 0.254589805854177 0.0686724755965692 0.193765701942749 0.417665806234427 0.14551488084374 0.623275722067743 0.254768982952393 0.0656370656370656 0.661882380111294 0.428898190995208 0.655555587171361 0.232703553351931 0.262739490344786 0.165277525882735 0.536082474226804 0.132751937984496 0.379543808834178 213.574 "B" "N"
"47" "vicenza" 0.321963426743178 0.972554192521817 0.112664451073668 0.158517954722892 0.357607161091286 0.144529552129632 0.28277233751425 0.00689981597628238 0.179016180296409 0.404534631399956 0.0570182662041388 0.493493712424963 0.130926876811257 0.0694980694980695 0.664515663275432 0.424963331909457 0.555762888001071 0.349131660895947 0.20111407718791 0.129183335865892 0.43298969072165 0.0952380952380951 0.222194062273715 185.661 "B" "N"
"48" "frosinone" 0.260939902019946 0.666185987239719 0.415028609291844 0.287021818485701 0.497824742144703 0.0973983941680013 0.166939439857402 0.116667153823569 0.0950492891571839 0.732642697172734 0.154671757726958 0.243416074203916 0.527034011168578 0.44015444015444 0.402530414435941 0.575122156996494 0.395774222859704 0.519346764171222 0.260146609905594 0.340136194705771 0.577319587628866 0.0744680851063829 0.180756698044895 1254 "C" "C"
"49" "latina" 0.22485149575885 0.629801204638674 0.362804964106719 0.462982834826365 0.615075938221964 0.0947893428636967 0.0776403679308663 0.119540932044675 0.115287518322114 0.651504668920357 0.362066045401358 0.48140817181099 0.630618040781022 0.413127413127413 0.595562871817467 0.60594648728675 0.698959004025553 0.265170595519323 0.105314553309944 0.178785976917477 0.505154639175258 0 0.348732802317161 1922 "C" "C"
"50" "rieti" 0.325322693671874 0.683449848677705 0.366277119619395 0.220833195539258 0.447019037652258 0.133258902809665 0.0805329533390634 0.420470573467098 0.0167042718678727 0.685724559096746 0.142266060408479 0.438020506751937 0.47491695164008 0.285714285714286 0.193693645399882 0.409650963261438 0.283687596357135 0.66495105672155 0 0.785123528409372 0.474226804123711 0.0352686125211506 0.230829109341057 501 "C" "C"
"51" "roma" 0.564404820438334 0.394958365159626 0.405379673772291 0.186483644626864 0.496612280112362 0.231279684219807 0.169583794781692 0.660363104321364 1 0.68054237301442 0.389089481449981 0.675142470732641 0.271779816269791 0.239382239382239 0.589197004103441 0.374290509275274 0.883118772169896 0.322169209619326 0.320928819641994 0.0473710028342375 0.43298969072165 0.221718931475029 0.671216509775525 52.544 "C" "C"
"52" "viterbo" 0.34370042056796 0.69297976840622 0.343939473557208 0.205811300649888 0.473618517590193 0.0542112716440071 0.167431818289507 0.262388046412555 0.0546407057298865 0.519007657896117 0.145214396838678 0.513870758072999 0.569977738779344 0.274131274131274 0.327299539811402 0.374583608127587 0.581067101766522 0.569530572842933 0.336303308527648 0.408314098164856 0.360824742268041 0.0331050228310503 0.255068790731354 1373 "C" "C"
"53" "ancona" 0.52893027289778 0.509794462535312 0.417397547098792 0.138694985229454 0.254225389549376 0.191719912352256 0.292139605473196 0.483274945706594 0.0908558414573798 0.58761316633403 0.170946183596633 0.47090930655757 0.241497563268891 0.316602316602317 0.461934568918366 0.272270935937144 0.510435440110063 0.369850830256489 0.535805162023201 0.189247841923184 0.505154639175258 0.0917378917378917 0.266274438812455 796.287 "C" "C"
"54" "ascolipiceno" 0.350523800291559 0.607046595319581 0.472857619638872 0.215006994971997 0.290255360998674 0.103574470643211 0.146065699890886 0.382401339028273 0.0288409620574597 0.731195239348185 0.0716443336481862 0.330469426419705 0.5022418452036 0.28957528957529 0.303157569488812 0.397783990182245 0.264865708965393 0.537118186288166 0.741112855160553 0.387180523363287 0.762886597938144 0.0810118475824528 0.260572049239681 0 "C" "C"
"55" "fermo" 0.325990639811499 0.742024860840248 0.405218106319962 0.163459003308055 0.270912577116048 0.113956790524218 0.145387784891838 0.395188077670088 0.0210015282421833 0.563220523483005 0.212449175541744 0.551810548995025 0.534446073597927 0.111969111969112 0.360116188398613 0.396098459892784 0.290480551585341 0.491742690273871 0.267164634517843 0.404528115813714 0.979381443298969 0.058845029239766 0.22827661115134 703 "C" "C"
"56" "macerata" 0.341282712412504 0.682192369829414 0.350480407132647 0.184116923350979 0.429150631292639 0.203772193662966 0.146656094612634 0.258202247224652 0.0539708814319397 0.600353787618608 0.135395414085341 0.484854365204107 0.421989196884172 0.181467181467181 0.435764614999547 0.373644549790003 0.331263068483037 0.381000445531668 0.390949210815169 0.399664848972171 0.494845360824742 0.0223552281563331 0.258852280955829 1416 "C" "C"
"57" "pesaroeurbino" 0.499866595392571 0.602544580056747 0.420321891402382 0.167211949194809 0.202977048633177 0.155701786573798 0.184605434004692 0.126780710266813 0.0643548020788979 0.444523556995599 0.0336562287390868 0.414821116922571 0.373719722836375 0.150579150579151 0.499281683891033 0.301419325249579 0.535687238662109 0.391737433867671 0.159321128931408 0.394180075666186 0.618556701030928 0.0449627204946353 0.205684286748733 1410.114 "C" "C"
"58" "arezzo" 0.647013522839928 0.553992625590175 0.242277067261568 0.213081099055394 0.252477587404809 0.165211755805473 0.164755302359245 0.324077842473447 0.0606587905162086 0.42857202425613 0.111646907884394 0.569071671504079 0.261566912380369 0.173745173745174 0.377777505883694 0.308359138684268 0.434601391446476 0.473976445435454 0.63247201261202 0.323385186647067 0.350515463917526 0.0931066389081655 0.273406951484432 1715 "C" "C"
"59" "firenze" 1 0.252720599695488 0.205817657879593 0.140038197994723 0.190096417752914 0.242856790562727 0.306856573586191 1 0.217709337120549 0.466279441305437 0.0891748346308412 0.692223764288176 0.159726633139139 0.127413127413127 0.430588356709418 0.270458914017704 0.474154392024927 0.35584981719717 0.387900930710109 0.121947309534921 0.371134020618557 0.151038485033598 0.861603910209993 207.176 "C" "C"
"60" "grosseto" 0.542050021004827 0.606847523405973 0.280693135882109 0.186161440375746 0.300156661248447 0.14744633106889 0.149277308719318 0.583943440090107 0.0322347071855566 0.345709322396647 0.187880854225288 0.54819546239328 0.476968257997196 0.162162162162162 0.186131468312506 0.129625546203532 0.323546837092359 0.721234217187577 0.522038155922401 0.693707003495108 0.34020618556701 0 0.463088341781318 1300.204 "C" "C"
"61" "livorno" 0.731646196907339 0.389574750172224 0.332489374012383 0.142423363426954 0.190079640706218 0.132205892586601 0.257141388287424 0.830147989192558 0.0588217057832 0.404927464279092 0.0588044344801658 0.414863135592047 0.261159465780541 0.111969111969112 0.277865604717652 0.0961766159299129 0.448000555026593 0.581664283938139 0.157260550037323 0.162189208119164 0.494845360824742 0.091142191142191 0.621107892831282 578.081 "C" "C"
"62" "lucca" 0.497666006012579 0.639756843341739 0.264555047174675 0.223513763738569 0.226569607266273 0.188432654887653 0.23092800524505 0.575434045415504 0.0712796861689972 0.455368443485089 0.166325237938427 0.400934103029823 0.335579615889489 0.193050193050193 0.32532309951404 0.163375066694937 0.472979677636279 0.627578863015447 0.433378996924454 0.148683690895164 0.329896907216495 0.168747262374069 0.486350470673425 567.392 "C" "C"
"63" "massacarrara" 0.451458376964637 0.549288536730968 0.305171659137218 0.428983599736118 0.183789075468125 0.179849975374438 0.15057572037278 0.896303832946801 0.0259519337653684 0.471903619109886 0.238553702823163 0.373250711865583 0.337055446223017 0.158301158301158 0.169184634163684 0.14151715646958 0.324673658932668 0.768284677869842 0.176835375816732 0.325566342361674 0.618556701030928 0.132424242424242 0.486386676321506 0 "C" "C"
"64" "pisa" 0.69614401832271 0.500762706619592 0.262247148418405 0.149022711001802 0.210226540719872 0.162947631129866 0.227670004403013 0.791932545017343 0.0785981977217049 0.549799721634495 0.0947581124750322 0.514588446665136 0.207751093836531 0.123552123552124 0.460964887406455 0.282136952363343 0.677292320070315 0.327448559055248 0.283105922484538 0.209054918589315 0.371134020618557 0.0701830863121184 0.55952208544533 2362 "C" "C"
"65" "pistoia" 0.648297451454695 0.539243330316815 0.239881267945778 0.205155204603585 0.292295971998372 0.160119181213586 0.195662290261971 0.43033854514527 0.0488732179021582 0.391803804091389 0.17352271951911 0.504055316835593 0.320982624548032 0.216216216216216 0.403174306023308 0.226087717527098 0.5430387138539 0.438532751569439 0.0847196349208341 0.147932204737211 0.494845360824742 0.0973438412142439 0.415658942795076 1553 "C" "C"
"66" "prato" 0.726761116676555 0.518226992716957 0.219432719049897 0.187844627204703 0.258616379309897 0.200157635893209 0.168513324043804 0.349703067105555 0.0407101452781262 0.343888319488189 0.2091169935815 1 0.346661836818001 0.127413127413127 0.687399096691508 0.380206314133682 0.757801857056815 0.178435271730464 0.159026524721649 0.0221893002959587 0.134020618556701 0.220306513409961 0.666708906589428 1452 "C" "C"
"67" "siena" 0.871484110785859 0.373142190971455 0.227429467816164 0.149410188093219 0.213267690976155 0.200641533822342 0.210167190782036 0.649998987824763 0.0415645705221412 0.51555729649353 0.0781173706587157 0.588992299352452 0.214359410025063 0.158301158301158 0.369104660376345 0.270318759513731 0.364623635074252 0.41909013229521 0.466400843350717 0.543247162005509 0.381443298969072 0.0636454363999274 0.244044170890659 1383.039 "C" "C"
"68" "perugia" 0.490760723020906 0.608504591399696 0.289801811572093 0.213778696569654 0.344435605795619 0.156279422749756 0.146913010901733 0.517286266348626 0.1343413421804 0.544157224345738 0.0833468100291676 0.584453732767292 0.352165687093537 0.189189189189189 0.466556020377313 0.314719636143342 0.401558978908119 0.39840373706704 0.376496660061402 0.373171274121924 0.402061855670103 0.0289308176100629 0.396994931209269 1103.851 "C" "C"
"69" "terni" 0.469047365909913 0.621272739502853 0.344673286607404 0.194465401862408 0.311375708793531 0.144056647445415 0.107138414079851 0.49345777122608 0.0331750916487331 0.476421141237808 0.171876227343878 0.537194516314675 0.356911779768833 0.28957528957529 0.229613676378476 0.18802997266117 0.330758364654562 0.570467972212866 0.333109349185622 0.368983783914461 0.412371134020619 0.0815602836879432 0.325470673425054 1157 "C" "C"
"70" "chieti" 0.286311565289741 0.516934354883863 0.59265021909031 0.343468647821592 0.269912432263034 0.124321851526117 0.112042012138228 0.299773211766807 0.0707423236186107 0.744552873993362 0.274042548083396 0.256648670836858 0.578371393028238 0.409266409266409 0.363079630809041 0.414504888177665 0.398949074558847 0.506553978973392 0.627183919904408 0.419404526307201 0.721649484536082 0.0813463678270545 0.214645184648805 1309 "D" "S"
"71" "laquila" 0.293443308537535 0.548354425352778 0.410428956181557 0.391550475058196 0.611851372243507 0.0973459596919654 0.0786867709348578 0.391150157511873 0.0504134380094287 0.91838963352742 0.362186821139485 0.422382092355408 0.508772743867388 0.250965250965251 0.293893091301784 0.471822739869957 0.356498910198523 0.637465649132116 0.710569321600123 0.61699055690144 0.371134020618557 0.105276030747729 0.153493845039826 1262 "D" "S"
"72" "pescara" 0.311531974325088 0.494861275416627 0.535377750733159 0.367845422282638 0.346434327508736 0.098963122268181 0.136614751371476 0.45972087296909 0.0550820100271664 0.699991309043592 0.172044811080669 0.251141609961302 0.557467347147183 0.351351351351351 0.509034853496329 0.415742684806831 0.495672603307337 0.380761783011049 0.235009648575879 0.229095789494079 0.711340206185567 0.116404886561954 0.441727009413469 1544 "D" "S"
"73" "teramo" 0.249432059689272 0.61036974216984 0.530763840834658 0.277723895085954 0.286722391188467 0.174756949024914 0.127198795562802 0.406379406829617 0.0525321213866302 0.735048903505595 0.284078868363215 0.391671782135282 0.623854492972697 0.247104247104247 0.413675430080573 0.497064241172096 0.475003214529796 0.43429703554994 0.229106881327178 0.495159137034297 0.927835051546392 0.0863713080168775 0.32367849384504 976 "D" "S"
"74" "matera" 0.243062061509125 0.213895165492885 0.742247029499903 0.334724418951449 0.441163439555162 0.366622353193409 0.387214882134831 0.965695889205772 0.0266637982278779 0.864203624505763 0.462917039598579 0.250074555578868 0.77129350153554 0.293436293436293 0.438881034026966 0.668443835423757 0.312973534708397 0.427627347797962 0.363146793115579 0.689989871370616 0.412371134020619 0 0.198823316437364 1119 "D" "S"
"75" "potenza" 0.32138264570758 0.248236558725502 0.725094119220399 0.349713782504439 0.472169444684504 0.142486326710181 0.139210244004951 0.64207575627673 0.0658976056599683 0.958416369328853 0.249393523634205 0.124273519603652 0.730911278117628 0.308880308880309 0.30563369213625 0.618784337822103 0.204844436002609 0.609569751544659 0.476345644956826 0.238504706339056 0.0618556701030928 0.109571973028437 0.130847212165098 975 "D" "S"
"76" "catanzaro" 0.27780516583101 0.229943588872066 0.644010080084021 0.482651403315697 0.733923474491856 0.126847299482054 0.0705784636591575 0.586132165286092 0.0643371874848074 0.896050084179986 0.471531722373415 0.242842735950362 0.812958176817658 0.687258687258687 0.508698043291849 0.71322445656866 0.219948391534098 0.464938827786811 0.781193522245941 0.341670057358662 0.577319587628866 0.0566205740624345 0.348262128892107 1108 "D" "S"
"77" "cosenza" 0.299435022615683 0.225154225052575 0.773035547673602 0.440578032911345 0.405081316795593 0.0888870318220084 0.0577732891961322 0.648277369751075 0.145936677178274 0.86486269880908 0.299848719587028 0.236204321131318 0.921041732956885 0.714285714285714 0.448552586007321 0.655253681070383 0.354378914772047 0.474014819174913 0.550299727740235 0.0804208694106998 0.0103092783505155 0.345300261096605 0.220130340333092 1747 "D" "S"
"78" "crotone" 0.361153486407885 0.201558362883863 0.822596518094367 0.302463223289416 0.371494119379371 0.00618654565024514 0.404778013207984 0.676212675852088 0.02127866452254 0.776025633037 0.633005220330214 0.386838986832724 0.998645710935033 1 0.799076676112569 1 0.191979928851573 0.042769486713001 0.800096971668837 0.416458621175734 0.45360824742268 0 0.251918899348298 290 "D" "S"
"79" "reggiocalabria" 0.391419577070836 0.224139556377942 0.444978612937857 0.67616985569452 0.73016188910794 0.0307122678051802 0.164308850533449 0.336436960208879 0.108888723442183 0.917371338507617 0.574659373565871 0.29002546320481 0.859667243644679 0.617760617760618 0.669058260196058 0.790350492334894 0.229583481917538 0.178459424649065 0.406414794476793 0.234487158574085 0.43298969072165 0.0890410958904109 0.258345401882694 2081 "D" "S"
"80" "vibovalentia" 0.302670965413471 0.179177117316725 0.454657653420692 0.764702934325065 1 0.0273145985224005 0.0363368582597283 0.324296360532309 0.0177775878011186 0.8872077407324 0.382483000051725 0.241034401933095 0.973530036938006 0.567567567567568 0.603516389900265 0.803673364514864 0.0962635213496851 0.301140520691836 0.304176516763762 0.487244682429616 0.804123711340206 0.0683168316831682 0.304398986241854 379 "D" "S"
"81" "avellino" 0.384271931738415 0.206491247315763 0.738428086880526 0.495072682913946 0.246578302992742 0.125204210224657 0.0901938147449308 0.602284515896652 0.0784265141446365 1 0.153325487363955 0.132136677405222 0.784969168286963 0.447876447876448 0.413273473715537 0.722956196841724 0.281281579545097 0.431455982684231 0.254488615721625 0.350723331049969 0.587628865979381 0.110615599860091 0.210771180304127 1419 "D" "S"
"82" "benevento" 0.269983572358179 0.352072212619699 0.675005085104071 0.662888323714227 0.20056327418182 0.0442577071118505 0.0919643570277735 0.243004167089489 0.0452434372132491 0.942583583636718 0.242419105426275 0.147411432414792 0.860303537213235 0.293436293436293 0.398668733636396 0.746557648116945 0.165033591502166 0.378924625711166 0.569820410892073 0.41250393663963 0.628865979381443 0.0142262708052182 0.116799420709631 1032 "D" "S"
"83" "caserta" 0.287130748174381 0.239450036742955 0.807637940811575 0.645106958668758 0.224542933338353 0.0612635667503427 0.0541362208910908 0.157425522745395 0.196951359999324 0.885291485125665 0.416513722833871 0.23633521863186 0.733381876371767 0.598455598455598 0.917807045860373 0.907401003743938 0.591554082659539 0.0215445337167699 0.331228758789499 0.149120138747111 0.597938144329897 0.0749357562408223 0.31710716871832 1424 "D" "S"
"84" "napoli" 0.375839644597908 0 1 0.520621292833456 0.245206846099177 0.121908161101029 0.129565602622749 0.48654870159113 0.704703777719793 0.750877542891658 0.549807922104937 0.181898819985408 0.624936090151005 0.787644787644788 0.972530539172111 0.896148059696695 0.433008817238574 0.0731968141033831 0.178286317604965 0.019730625991669 0.721649484536082 0.241613700564971 0.515858073859522 141.514 "D" "S"
"85" "salerno" 0.333089297940927 0.259263908068063 0.646035468010354 0.484951178784239 0.451457665980078 0.256041968644807 0.109635913227275 0.390808867206185 0.238180783511237 0.900108094314779 0.313172848691309 0.230167104023907 0.799368663599641 0.552123552123552 0.60742160414608 0.750013397883416 0.367995491100411 0.335414061607216 0.254150598542952 0.222886639298822 0.556701030927835 0.115526754112013 0.332693700217234 903.136 "D" "S"
"86" "campobasso" 0.230804030847043 0.269246813269355 0.779022311735196 0.509211174918641 0.259399264754737 0.0297263409473254 0.0736425333059035 0.449052515482087 0.0321428764350316 0.88115349844329 0.121096377423343 0.195475635584332 0.749824073835216 0.343629343629344 0.245072693923822 0.555648626493772 0.222656664705913 0.575308903463687 0.464555803538259 0.57420993846848 0.463917525773196 0.0419963481436397 0.191328747284576 1103 "D" "S"
"87" "isernia" 0.189059943712002 0.239365674527542 0.49416312855133 0.912806171934694 0.487267755562279 0.0134516973751397 0.030424330530967 0.715507985403121 0 0.889414648616694 0.214626426374316 0.18711289907819 0.780968806928525 0.393822393822394 0.156573083655253 0.574032345850495 0.137389164751187 0.649473917938063 0.902373787746335 1 0.618556701030928 0 0.245854453294714 303 "D" "S"
"88" "bari" 0.288106816914293 0.213647963474573 0.642356982038719 0.401669738023628 0.44417909376269 0.692063745288355 0.173497251880157 0.727683749548403 0.274227523719225 0.705122396882951 0.327995291509399 0.128574907765465 0.634364166845186 0.343629343629344 0.574777234032507 0.623278621870079 0.461494049546162 0.368471912465517 0.213786373462461 0.113642864993085 0.391752577319588 0.0789751716851558 0.466908037653874 129.905 "D" "S"
"89" "barlettaandriatrani" 0.229823171306741 0.253809366429165 0.740653347937535 0.477276262569745 0.492931705896585 0.299500824591898 0.12576535817901 0.553359225352334 0.0717811149474392 0.620975531137791 0.587519972576651 0.0953915945557219 0.90978219987518 0.436293436293436 0.766247602653897 0.769328269723784 0.574319719869056 0.138212520796133 0.108325293814888 0.147447995191492 0.391752577319588 0.111111111111111 0.313070238957277 892 "D" "S"
"90" "brindisi" 0.237830713235588 0.338278824619038 0.647288539781804 0.472016343157886 0.452589498929781 0.26715762651954 0.121388431645904 0.701661339788495 0.0724772437058945 0.617157860984997 0.468410722776269 0.102578964304881 0.793584675472947 0.347490347490347 0.44695184730385 0.608142936943975 0.352737679926344 0.41267819170707 0.180776832379947 0.206545740983396 0.484536082474227 0 0.308128167994207 884 "D" "S"
"91" "foggia" 0.213476203543128 0.369007289002695 0.708142061345643 0.46087535040675 0.350055926409001 0.230745616020579 0.0832058971032655 0.276832866442288 0.126309322136401 0.716075022435916 0.327779265471361 0.225097062665327 0.901778294741881 0.691119691119691 0.701480305893539 0.738898529055477 0.259084924427418 0.196450330402504 0.362925128643807 0.442595400701649 0.412371134020619 0.0912954142149994 0.478421433743664 1633 "D" "S"
"92" "lecce" 0.359978856823581 0.326699018788096 0.50848459358021 0.370418882070258 0.707113029559102 0.179657568167259 0.168666799494088 0.461113304684245 0.166677744289172 0.742603925050207 0.324672550963604 0.124268591565217 0.874764897049012 0.563706563706564 0.424261181410241 0.506576752586458 0.375653116507149 0.392790731900773 0.343878382502736 0.23440175394619 0.793814432989691 0 0.286748732802317 694.435 "D" "S"
"93" "taranto" 0.24660751563326 0.292618460471419 0.651257759062092 0.450509264765207 0.513662192133259 0.253405372511633 0.311687566404282 0.435591001975069 0.115640279926432 0.624362078747731 0.503538142945774 0.074150250716385 0.626839832269564 0.482625482625483 0.563089046022281 0.555739120001878 0.402588168286884 0.361154575631781 0.472429628504938 0.202882875854572 0.536082474226804 0.028756251358991 0.263034033309196 1199 "D" "S"
"94" "cagliari" 0.524892320608086 0.296366396622449 0.576987227243612 0.300808549897121 0.348463544205162 0.140781941362409 0.147785032321274 0.739406222146735 0.146419551917607 0.272952860541568 0.895520623810906 0.0651360607646777 0.339223260748558 0.498069498069498 0.22019717783947 0.327663955115331 1 0.721420855304347 0.487420365252265 0.159828781966996 0.22680412371134 0 0.238287472845764 709.39 "E" "S"
"95" "nuoro" 0.571521481628867 0.317167881559799 0.676662091342712 0.199930427643114 0.209197047744177 0.0575588332590472 0.0813610757857783 0.566178637560835 0.069652097675038 0.274022028346207 1 0.0128795697485556 0.734077400832904 0.324324324324324 0.298210703990557 0.432547718465427 0.238557966649516 0.70698295619802 0.0337590237217989 0.310908858706294 0.288659793814433 0 0.244062273714699 939 "E" "S"
"96" "oristano" 0.396874495389381 0.416228626208333 0.60400573086221 0.290000692406986 0.343809324105975 0.111084443469023 0.108911278171252 0.530579879932294 0.0468139544223552 0.185586490987285 0.972536503785113 0 0.717311432572465 0.544401544401544 0 0.309741256228259 0.32414288296456 0.877845717684962 0.315052828329604 0.326103832806173 0.298969072164948 0 0 713 "E" "S"
"97" "sassari" 0.49902654337099 0.376948338993582 0.619521155896501 0.264362455652625 0.251427511747709 0.0971699900397968 0.129714565218554 0.290968360246455 0.180421590043574 0.175957442134426 0.964320048981499 0.0884640357769481 0.578989134264234 0.405405405405405 0.274592241819352 0.374454512993314 0.806621835228959 0.647460172414967 0.029876132727025 0.179944379681835 0.371134020618557 0 0.252353367125272 2019 "E" "S"
"98" "sudsardegna" 0.443397532656051 0.348158331519849 0.642145513532474 0.279735223950199 0.39656945541388 0.0363227696230381 0.0910883214054072 0.6267207238776 0.0625543557015975 0.493014628400837 0.652670006437089 0.0350491956809822 0.721423007370757 0.50965250965251 0.0511148332394488 0.292614685522503 0.501869960714277 0.950793121232549 0.0800752087742545 0.563192463202661 0.288659793814433 0 0.351390672605304 0 "E" "S"
"99" "agrigento" 0.229872574409728 0.161913518706372 0.765252672254193 0.938467848719261 0.315835090765784 0.000489306229120792 0.0506323153785747 0.037825040910603 0.08231675596483 0.738180354013687 0.630271728303719 0.143818169134911 0.959138044865725 0.799227799227799 0.617838500745709 0.740654403229902 0.18576662093424 0.222467983830933 0.317697418672947 0.255015250668738 0.381443298969072 0 0.2151339608979 667 "E" "S"
"100" "caltanissetta" 0.204875300561036 0.239311605520022 0.869511892083269 0.63001221900602 0.290612486647026 0 0 0.0868475950592031 0.0418238573471529 0.83479408082177 0.673963983016115 0.104667749288916 0.867877215085851 0.594594594594595 0.706318750797989 0.814640823201705 0.105860829083133 0.229513240144289 0.672554928129194 0.448966842463669 0.628865979381443 0.0175725824055883 0.274221578566256 371 "E" "S"
"101" "catania" 0.311829528689709 0.182648311357147 0.820577469481436 0.579212725096093 0.391776109624967 0.0226189114808829 0.0683604883171758 0.310947590138101 0.228076112895926 0.724298990748956 0.58207310790367 0.129772921890572 0.74333055859378 0.50965250965251 0.817588977049849 0.788929656321032 0.360524600834688 0.173150873799325 0.750477558740633 0.136891360354236 0.443298969072165 0.0952817024245594 0.42829471397538 1245.044 "E" "S"
"102" "enna" 0.340612272725247 0.120348371240948 0.892983653825052 0.620641897849601 0.279647970253761 0.0607658537186626 0.0341091632522265 0.151686113507292 0.0188849586162726 0.743211190021887 0.59252174385173 0.0742406285816545 0.940842195672527 0.799227799227799 0.48257526571234 0.744813719512728 0.030552300854275 0.405587587746116 1 0.644725149840147 0.443298969072165 0.0921340131099782 0.165025343953657 369 "E" "S"
"103" "messina" 0.254175050043983 0.165133189041358 0.567394148189618 1 0.484712041520142 0.112772679184383 0.0300731488086247 0.130978100760422 0.127411526003956 0.745589003497075 0.541554032022133 0.203531371209031 0.727509172676474 0.888030888030888 0.420961890072861 0.565472913294273 0.265429517094227 0.539958479338323 0.682947799789994 0.257016878731837 0.556701030927835 0.179630510624802 0.235354815351195 2031 "E" "S"
"104" "palermo" 0.274063738525044 0.159421446963105 0.716796391744792 0.778828127206548 0.338244122329239 0.173775130781938 0.128073169041545 0.440662197956421 0.274367031304422 0.601145499407829 0.588581628559024 0.100739551170667 0.693542770230065 0.625482625482626 0.774438589167906 0.721510626994445 0.314809661028281 0.22219619896209 0.595739471785152 0.159032549306204 0.43298969072165 0.125635162601626 0.401900796524258 1403.607 "E" "S"
"105" "ragusa" 0.377577649170494 0.273496048172045 0.827345236655878 0.316500303479075 0.381413282580132 0.0461762274290305 0.0537896887449722 0.182551966073114 0.0555479747561729 0.572602665263565 0.688704549694708 0.46837941537037 1 0.525096525096525 0.753297086677817 0.810734981052265 0.478209146615223 0.0114263147329782 0.328365665193245 0.206541443604831 0.443298969072165 0 0.29703113685735 818 "E" "S"
"106" "siracusa" 0.2587541013641 0.123548105582811 0.875527584720181 0.366173907051282 0.927896926626585 0.00767888946798414 0.0463891224447112 0.175316009587786 0.0739448916855123 0.618336846815742 0.635330004075591 0.17161302475935 0.733302664814598 0.818532818532819 0.620375130900692 0.646953296981621 0.488240650593301 0.267009158550891 0.627148691299018 0.299022365834905 0.649484536082474 0.0715358215358214 0.42599565532223 895 "E" "S"
"107" "trapani" 0.232676121666497 0.183987757573733 0.945831242291394 0.578764996192089 0.283366284827987 0.0326964701568017 0.0114332598934953 0.221667882016631 0.0808314933911217 0.613628925416173 0.680461931553214 0.214340569956512 0.893158188651431 0.575289575289575 0.538090573911122 0.69102379168571 0.252414999258389 0.238461856647634 0.352527660513876 0.234126082457523 0.43298969072165 0.181286549707602 0.338540912382332 987 "E" "S"
